%YAML:1.0
---
calibration_time: "Wed Oct 27 12:11:39 2021"
nframes: 11
image_width: 640
image_height: 480
board_width: 6
board_height: 8
square_size: 2.5000000372529030e-02
flags: 0
camera_matrix: !!opencv-matrix
   rows: 3
   cols: 3
   dt: d
   data: [ 5.3316452685576780e+02, 0., 3.4188548674076554e+02, 0.,
       5.3318558133457896e+02, 2.3466470480965560e+02, 0., 0., 1. ]
distortion_coefficients: !!opencv-matrix
   rows: 5
   cols: 1
   dt: d
   data: [ -2.8595450339683282e-01, 8.3270960207294117e-02,
       1.2055877462260147e-03, 3.6672065583591052e-05, 0. ]
avg_reprojection_error: 1.6949134444140759e-01
per_view_reprojection_errors: !!opencv-matrix
   rows: 11
   cols: 1
   dt: f
   data: [ 1.48868904e-01, 1.61913365e-01, 1.81399211e-01,
       1.36300355e-01, 1.61620751e-01, 2.34913707e-01, 1.72035828e-01,
       1.48847267e-01, 1.74087524e-01, 1.65718034e-01, 1.59099489e-01 ]
extrinsic_parameters: !!opencv-matrix
   rows: 11
   cols: 6
   dt: d
   data: [ 7.0220088627613675e-01, 1.5663852874072504e-01,
       1.6196770922417189e-01, -3.9066858930173178e-02,
       -6.7599436966706256e-02, 2.2219479556679500e-01,
       -3.4837764583477621e-01, -6.7332618478949002e-02,
       -1.2005325402036364e+00, -6.2408404161282176e-02,
       2.0531477893912863e-02, 2.8158703900404458e-01,
       1.0009251708289990e-01, 2.7649827431624857e-01,
       1.5585427598368289e+00, 9.6091871326758754e-02,
       -6.9886821901006868e-02, 2.8181101036246164e-01,
       -4.7529986719825273e-01, 8.9824959216325898e-02,
       -2.2576062577518155e-01, -5.7807632144918804e-02,
       -6.3640981614156683e-02, 3.0831413146687114e-01,
       -1.0417250512758981e-01, 3.1990842871567693e-01,
       3.1468371317872501e-01, -9.2777022729316608e-02,
       -1.0704264942142602e-01, 4.2772494863374499e-01,
       -3.5466487541369318e-01, 2.4069881365442489e-01,
       2.0953357280081583e-01, -4.5597716824233546e-02,
       -8.4465839313994331e-02, 3.4054004236380409e-01,
       4.8207287379998731e-01, -1.7221659779936785e-01,
       -1.4072481699874133e+00, -8.7240440855869558e-02,
       4.0929693108620151e-02, 2.9715758889362515e-01,
       5.0479226564140535e-02, -6.0047935974535815e-01,
       -1.8397223677720359e-01, -5.3987914869315951e-02,
       -8.7063446776486225e-02, 2.6672529131619677e-01,
       -3.7618118412337159e-01, 6.9084624021074598e-02,
       -1.9330195375439656e-02, -7.3574448184507202e-02,
       -7.4829356999715199e-02, 3.1940556437253159e-01,
       4.9824203029686892e-01, 1.2069754597162818e-01,
       -2.9637782284893793e-01, -8.4844730510957228e-02,
       -5.9635792396567279e-02, 3.1235968600685043e-01,
       1.9466899958687420e-01, -4.1930774137236915e-01,
       -1.9451637272115799e-01, -6.6676771103339069e-02,
       -7.9314842980874933e-02, 2.6287297691177458e-01 ]
image_points: !!opencv-matrix
   rows: 11
   cols: 48
   dt: "2f"
   data: [ 2.51463348e+02, 7.81900330e+01, 3.07066345e+02,
       8.67117996e+01, 3.65127136e+02, 9.67787094e+01, 4.24132385e+02,
       1.07846252e+02, 4.83137268e+02, 1.20093590e+02, 5.40101501e+02,
       1.33095642e+02, 2.51096817e+02, 1.27983521e+02, 3.03755890e+02,
       1.36998276e+02, 3.58424255e+02, 1.46960327e+02, 4.13966675e+02,
       1.57757278e+02, 4.69519714e+02, 1.69351273e+02, 5.23488647e+02,
       1.81126846e+02, 2.51259521e+02, 1.72683197e+02, 3.01108002e+02,
       1.82126572e+02, 3.52377655e+02, 1.92209686e+02, 4.04604767e+02,
       2.02723434e+02, 4.56841827e+02, 2.13547379e+02, 5.07860016e+02,
       2.24147522e+02, 2.51750565e+02, 2.12815140e+02, 2.98763031e+02,
       2.22358429e+02, 3.47087219e+02, 2.32245377e+02, 3.96135864e+02,
       2.42336304e+02, 4.45283722e+02, 2.52391266e+02, 4.93468353e+02,
       2.62403717e+02, 2.52632797e+02, 2.48560898e+02, 2.96853149e+02,
       2.58065338e+02, 3.42266693e+02, 2.67763855e+02, 3.88453461e+02,
       2.77455048e+02, 4.34800842e+02, 2.86778290e+02, 4.80230042e+02,
       2.96077362e+02, 2.53285568e+02, 2.80395111e+02, 2.95148590e+02,
       2.89760803e+02, 3.38070648e+02, 2.99222717e+02, 3.81593292e+02,
       3.08356049e+02, 4.25239227e+02, 3.17360992e+02, 4.68080139e+02,
       3.25775818e+02, 2.54304703e+02, 3.08908112e+02, 2.93634399e+02,
       3.18090454e+02, 3.34245392e+02, 3.27161682e+02, 3.75277313e+02,
       3.36104218e+02, 4.16430817e+02, 3.44544281e+02, 4.56984253e+02,
       3.52433624e+02, 2.55238144e+02, 3.34424408e+02, 2.92614716e+02,
       3.43449615e+02, 3.30833771e+02, 3.52219574e+02, 3.69522369e+02,
       3.60482819e+02, 4.08461151e+02, 3.68605011e+02, 4.46714111e+02,
       3.76145325e+02, 2.25444763e+02, 2.72791962e+02, 2.44133011e+02,
       2.31034973e+02, 2.62495972e+02, 1.90555496e+02, 2.80209656e+02,
       1.51795731e+02, 2.97562622e+02, 1.15207436e+02, 3.13964111e+02,
       8.12466583e+01, 2.66599335e+02, 2.89138672e+02, 2.84994659e+02,
       2.45745071e+02, 3.03178741e+02, 2.03894226e+02, 3.20519348e+02,
       1.63918854e+02, 3.37172821e+02, 1.26307747e+02, 3.53019012e+02,
       9.10334702e+01, 3.09976227e+02, 3.05974548e+02, 3.27985718e+02,
       2.61400879e+02, 3.45796753e+02, 2.18187897e+02, 3.62618164e+02,
       1.77007553e+02, 3.78445343e+02, 1.38137451e+02, 3.93232788e+02,
       1.02010872e+02, 3.55305359e+02, 3.23203613e+02, 3.73095367e+02,
       2.77374908e+02, 3.90014893e+02, 2.32968491e+02, 4.06078979e+02,
       1.90711807e+02, 4.21071045e+02, 1.50900131e+02, 4.34717255e+02,
       1.13616394e+02, 4.02117065e+02, 3.40503906e+02, 4.19448120e+02,
       2.93758698e+02, 4.35593994e+02, 2.48379425e+02, 4.50688812e+02,
       2.05273071e+02, 4.64540588e+02, 1.64447739e+02, 4.77113739e+02,
       1.26347130e+02, 4.49851685e+02, 3.57672638e+02, 4.66536499e+02,
       3.10290009e+02, 4.81949707e+02, 2.64086395e+02, 4.95928101e+02,
       2.20157150e+02, 5.08506775e+02, 1.78625168e+02, 5.19729919e+02,
       1.39579987e+02, 4.97802307e+02, 3.74593323e+02, 5.13826111e+02,
       3.26688538e+02, 5.28270935e+02, 2.79974823e+02, 5.41217773e+02,
       2.35303604e+02, 5.52413635e+02, 1.93252975e+02, 5.62362000e+02,
       1.53605316e+02, 5.44751831e+02, 3.90713196e+02, 5.59883301e+02,
       3.42758087e+02, 5.73573669e+02, 2.95578247e+02, 5.85326721e+02,
       2.50700867e+02, 5.95454102e+02, 2.08167145e+02, 6.03783997e+02,
       1.68297546e+02, 5.14562683e+02, 1.09157509e+02, 5.17506592e+02,
       1.52167755e+02, 5.19859802e+02, 1.97204041e+02, 5.21378967e+02,
       2.43596207e+02, 5.22194702e+02, 2.90909515e+02, 5.22051331e+02,
       3.38129944e+02, 4.70293945e+02, 1.10210068e+02, 4.72391571e+02,
       1.53324432e+02, 4.73991943e+02, 1.98024216e+02, 4.74927704e+02,
       2.44141846e+02, 4.75364349e+02, 2.91325104e+02, 4.75098907e+02,
       3.38221985e+02, 4.25844604e+02, 1.12190903e+02, 4.27016541e+02,
       1.54533722e+02, 4.27891357e+02, 1.98939301e+02, 4.28473969e+02,
       2.44553604e+02, 4.28597137e+02, 2.91461243e+02, 4.28286011e+02,
       3.37898102e+02, 3.82411774e+02, 1.14390694e+02, 3.82674438e+02,
       1.56358246e+02, 3.82760101e+02, 2.00219406e+02, 3.82715332e+02,
       2.45334763e+02, 3.82588318e+02, 2.91287903e+02, 3.82264038e+02,
       3.37244598e+02, 3.40142731e+02, 1.17282326e+02, 3.39503448e+02,
       1.58407532e+02, 3.38930328e+02, 2.01506317e+02, 3.38547302e+02,
       2.45727783e+02, 3.38125793e+02, 2.90768707e+02, 3.37527161e+02,
       3.35893311e+02, 2.99313507e+02, 1.20210289e+02, 2.98120392e+02,
       1.60620544e+02, 2.97066437e+02, 2.02787933e+02, 2.96096039e+02,
       2.46131439e+02, 2.95249786e+02, 2.90259521e+02, 2.94734711e+02,
       3.34311188e+02, 2.60337128e+02, 1.23723824e+02, 2.58522217e+02,
       1.63193726e+02, 2.56935760e+02, 2.04272675e+02, 2.55445389e+02,
       2.46434509e+02, 2.54622513e+02, 2.89651337e+02, 2.53877869e+02,
       3.32342010e+02, 2.23254318e+02, 1.27106010e+02, 2.20925507e+02,
       1.65859802e+02, 2.18837875e+02, 2.05895218e+02, 2.17258850e+02,
       2.46826828e+02, 2.16080490e+02, 2.88648468e+02, 2.15266846e+02,
